3 4 41
37 38 41
3 39 41
37 39 41
4 40 41
38 40 41
34 37 38
34 36 38
34 35 37
35 37 39
36 38 40
32 35 39
33 36 40
34 30 31
29 30 31
30 34 35
31 34 36
30 32 35
31 33 36
16 29 30
16 30 32
25 29 31
25 31 33
3 32 39
4 33 40
12 3 32
20 33 4
11 12 3
21 20 4
3 11 1
4 21 2
14 15 17
16 15 17
25 26 28
27 26 28
25 28 33
16 17 32
12 17 14
12 17 32
20 28 33
20 28 27
1 5 2
1 5 7
1 7 11
2 5 6
2 6 21
7 9 11
6 10 21
9 11 12
10 20 21
9 12 13
10 20 22
20 22 27
12 13 14
13 14 15
15 16 19
13 15 18
19 15 18
24 25 26
22 26 27
22 23 26
24 23 26
9 13 18
9 18 19
10 22 23
10 23 24
16 19 29
24 25 29
19 24 29
8 19 24
8 9 19
8 10 24
7 8 9
6 8 10
5 7 8
5 6 8



